   T งาน           ชิ้นต่อรอบ (เฉลย)          มาร์คตรงต่อรอบ          วิ/คำขอ  จีน ชนเพดาน  JSON
 0.7 section       [6, 9, 7, 5] (6)           [6, 6, 5, 5]/6              8.7    1       0  4/4
 0.7 plan_beam     [13, 30, 74, 25] (59)      [11, 12, 11, 12]/15        19.3    0       0  4/4
 0.7 plan_footing  [10, 8, 8, 8] (10)         [10, 8, 8, 8]/10            6.7    0       0  4/4
 0.4 section       [6, 7, 2, 8] (6)           [6, 6, 1, 6]/6              7.3    1       0  4/4
 0.4 plan_beam     [21, 27, 34, 27] (59)      [13, 12, 11, 12]/15        16.4    0       0  4/4
 0.4 plan_footing  [8, 8, 8, 9] (10)          [8, 8, 8, 8]/10             5.0    0       0  4/4
 0.2 section       [7, 2, 8, 6] (6)           [4, 1, 4, 6]/6              5.4    0       0  4/4
 0.2 plan_beam     [28, 26, 25, 28] (59)      [13, 9, 9, 12]/15          15.3    0       0  4/4
 0.2 plan_footing  [8, 8, 8, 8] (10)          [8, 8, 8, 8]/10             8.7    0       0  4/4
 0.0 section       [8, 8, 8, 8] (6)           [6, 6, 6, 6]/6              7.0    0       0  4/4
 0.0 plan_beam     [34, 34, 34, 34] (59)      [13, 13, 13, 13]/15        22.7    0       0  4/4
 0.0 plan_footing  [8, 8, 8, 8] (10)          [8, 8, 8, 8]/10            10.6    0       0  4/4
